161100401800668342544038
026100805734
026100805734
153300768670662114869358
161000279770524101650524
160700533130557849890010
151000938170289103997017
157201121140016930582666
161200968320422282236936
160400168150225594429267
161500029260396179340720
160000730241003632551651
158600764780268898040367
026100805734
157700778740248503932288
159600858970421703017761
160902129220170706264132
158202259510278362228449
160301612860154430852458
158904078570012506620733
159502379810343593038535
026100805734
161600265520712000874408
160600440530111851380945
155803717700501308764366
158402456570078366311917
152802918150031846721467
159901240460034900930961
158501803600488406123783
154602335560412830312849
148903464620363912659495
151204219860472289952165
161900333691609887110036
158800934692017765614528
159700535512104317748892
156900393510681882578277
153201974331987775459731
160800340611617822784705
157300431852216796676402
161700217231478138990218
155206540110994591233600
159800326372183256491110
157401918621967455872067
161400221622304065551049
155701159181389402442777
159400866212130163193204
154101766850884815701715
158700992150104882933233