161100401800672698099814
26100805734
156801103480086068126993
153300768670766587213554
161000279770688900026239
160700533130642178501222
151000938170373432655332
157201121140207968197339
161200865210109852546126
160400168150336003059804
161500029260698518645931
160000488080037888435084
158600764780316929601459
154903722720130343797208
157700778740377660143586
159600858970757660107468
160902129220242806511024
158202259510408415508413
160301612860213912813803
158904078570246069722270
26100805734
156102713280110121004306
161600132360077561836995
160600440530158134900230
26100805734
158402456570203741967827
152802918150198828247008
159901240460179944326056
158501803600499012082081
154602335560438325029443
148903464620385108184932
151204219860497914939632
161900333700205097355419
26100805734
159700535512381172675550
156900393510762662719391
153201974332103721540837
160800340611862708178769
157300431852308411438066
161700217231922071362965
155206708571127273139698
159800218880178478938705
157401918622409066919445
161400221610342933295799
155701159181674286103372
159400866212334797436427
154101766850960417084422
158700992150167641675058