161100401800668342544038
26100805734
156801103480021014732989
153300768670685581402392
161000279770608237953787
160700533130593915483526
151000938170292303690060
157201121140079855893538
161200968320457576759242
160400168150287949744760
161500029260451062179198
160000730241003632551651
158600764780271330287305
154903722720038444572093
157700778740248503932288
159600858970516386414034
160902129220170706264132
158202259510307838827326
160301612860178740129680
158904078570047242292425
159502379810398225344669
26100805734
161600265520889337561636
160600440530122473815647
155803717700501308764366
158402456570125301383857
152802918150031846721467
159901240460043436801119
158501803600488406123783
154602335560427437854210
148903464620363912659495
151204219860472289952165
161900333691843361207489
158800703382089148725716
159700535512160962927228
156900393510681882578277
153201974331987775459731
160800340611715894388873
157300431852233075456791
161700217231672914158742
155206540111762547320228
159800326372324629988954
157401918622121757202772
161400221622350435723240
155701159181404892353713
159400866212170811406713
154101766850893564517997
158700992150112802131744