161100401800847489916704
161300194520148375165487
156801103480153963723098
153300768670782867239885
161000279770777548788422
160700533130692212946847
151000938170497451296069
157201121140353561204315
161200865210488257273685
160400168150490703099116
26100805734
160000488080089500399151
158600764780393707311847
154903722720227616435650
157700778740407210121785
159600858970986148971608
160902129220309124617163
15820225951050
160301612860350572256202
158904078570427285515758
159502472480186322055677
156102713280235685495749
26100805734
160600440530247998505467
155803150830185973300170
158402456570336787752949
152802918150217546945666
159901240460334340736391
26100805734
154602335560467351468568
148903464620425914354935
26100805734
161900333701410592383877
158800703380351864831012
26100805734
156900393510927869908287
153201974332173379097915
160800340612164571603614
157300431852408381333894
26100805734
155206276060673309059278
159800218881227171430371
157401459880056778896566
161400221611566365720684
155701159182171127567137
159400703280102106
154101766850960417084422
158700992150202821145294