161100401800810232748082
161300194520054334954248
156801103480101061708288
153300768670771645877777
161000279770748480553669
160700533130684450522747
151000938170466592404626
157201121140299642558239
161200865210353540082261
160400168150483619492775
161500029260879723533057
160000488080067687480251
158600764780372150573057
154903722720215838777191
157700778740377660143586
159600858970856908942875
160902129220283732118383
158202259510470584044962
160301612860336291031412
158904078570327452247065
159502472480121086850991
156102713280154132096073
161600132360600026835006
160600440530184431065730
155803150830023650438337
158402456570281143915967
152802918150198828247008
159901240460199603769161
158501803600504635030170
154602335560444339279484
148903464620401008441873
151204219860506955374965
161900333700833778438979
158800703380169270165955
159700535512494868123324
156900393510888005544694
153201974332135691697945
160800340611952244871979
157300431852380622802508
161700217232387678519409
155206708572280322713290
159800218880481653926146
157401918622436527950013
161400221610835608841297
155701159181800671150175
159400866212403613321152
154101766850960417084422
158700992150202821145294