161100401800864742553605
161300194520201314645966
156801103480208352381219
153300768670848608094226
161000279770841773753361
160700533130705640875426
151000938170540609174969
157201121140495619493385
26100805734
160400168150538430462619
26100805734
160000488080137852962254
158600764780403739571673
154903722720297005286798
157700778740444550186449
26100805734
160902129220329285247610
26100805734
26100805734
158904078330028765702176
159502472480317548539621
156102713280441392760425
26100805734
160600440530280523677369
155803150830210064347298
158402456570477654251865
152802918150224395596932
159901240460382338377255
26100805734
154602335560467351468568
148903464620464746542592
151203351330042379512429
161900333701951905944946
158800703380813614309979
26100805734
156900393510990663685111
153201974332286864072646
160800340612262883257683
157300431852466372955982
26100805734
155206276061798077703020
159800218882169333459853
157401459880097282932289
161400221612187035202225
155701159182321908480616
159400703280260681291218
154101766851007758577370
158700992150227391801449