161100401800672698099814
26100805734
156801103480086068126993
153300768670749850523925
161000279770653870688466
160700533130624665824571
151000938170333407165372
157201121140167892808568
161200865210041818936438
160400168150319755176357
161500029260640376870772
160000488080024404973571
158600764780308423227525
154903722720123950150160
157700778740377660143586
159600858970702920904677
160902129220205901818504
158202259510364794231475
160301612860191346049305
158904078570163600573651
159502379810447346005802
156102713280098619087096
26100805734
160600440530132175278763
26100805734
158402456570167300239773
152802918150031846721467
159901240460099953666908
158501803600488406123783
154602335560438325029443
148903464620378784208054
151204219860497914939632
161900333692405174077681
158800934692374665262632
159700535512304532170809
156900393510716362263128
153201974331992764487947
160800340611787393719472
157300431852278399740614
161700217231827131855008
155206708570269744935079
26100805734
157401918622382093981077
161400221610194590841327
155701159181562189835028
159400866212296594837121
154101766850960417084422
158700992150146953842716