161100401800847489916704
161300194520148375165487
156801103480179126977733
153300768670782867239885
161000279770784732158664
160700533130692212946847
151000938170509090054617
157201121140401584951096
26100805734
160400168150502443006450
26100805734
160000488080093703120108
158600764780393707311847
154903722720245323306988
157700778740407210121785
26100805734
160902129220309124617163
26100805734
160301612860375631840963
158904078570487645457449
159502472480206679534950
156102713280279313271169
26100805734
160600440530252927061464
155803150830185973300170
158402456570350503879970
152802918150217546945666
159901240460334340736391
26100805734
154602335560467351468568
148903464620425914354935
26100805734
161900333701567944449139
158800703380491966882489
26100805734
156900393510974582070937
153201974332181809642437
160800340612242000526502
157300431852408381333894
26100805734
155206276060951811698520
159800218881596650521542
157401459880081493051365
161400221611919164435028
155701159182244474924929
159400703280102106347172
154101766850985658180313
158700992150214250069812