161100401800668342544038
26100805734
156801103480011669995464
153300768670685581402392
161000279770524101650524
160700533130585566057485
151000938170292303690060
157201121140043039955961
161200968320457576759242
160400168150287949744760
161500029260426712736359
160000730241003632551651
158600764780271330287305
26100805734
157700778740248503932288
159600858970482045740441
160902129220170706264132
158202259510292286563936
160301612860178740129680
158904078570023012569782
159502379810371177448890
26100805734
161600265520850848079590
160600440530111851380945
155803717700501308764366
158402456570087456567189
152802918150031846721467
159901240460034900930961
158501803600488406123783
154602335560412830312849
148903464620363912659495
151204219860472289952165
161900333691807253648675
158800934692056066359394
159700535512157002476525
156900393510681882578277
153201974331987775459731
160800340611715894388873
157300431852227339488826
161700217231604509320630
155206540111264764049192
159800326372227572534783
157401918622106870661590
161400221622319036763062
155701159181390802586466
159400866212144750173036
154101766850893564517997
158700992150112802131744