161100401800711112155443
26100805734
156801103480101061708288
153300768670766587213554
161000279770695456674043
160700533130642178501222
151000938170373432655332
157201121140237443084588
161200865210147419044906
160400168150383728868617
161500029260726792878292
160000488080037888435084
158600764780352469921657
154903722720158759891471
157700778740377660143586
159600858970784957523458
160902129220242806511024
158202259510418134472421
160301612860288285862895
158904078570253930980899
26100805734
156102713280110121004306
161600132360228328983333
160600440530158134900230
26100805734
158402456570221135310868
152802918150198828247008
159901240460189543340841
158501803600499012082081
154602335560438325029443
148903464620385108184932
151204219860497914939632
161900333700400535880618
26100805734
159700535512381172675550
156900393510762662719391
153201974332129927556533
160800340611876410793868
157300431852328870672757
161700217231934392365327
155206708571439040044891
159800218880395457876760
157401918622423408981525
161400221610427183793230
155701159181733200452665
159400866212363795519337
154101766850960417084422
158700992150167641675058