161100401800792296043658
161300194520011933734176
156801103480101061708288
153300768670766587213554
1610002797707094259176
160700533130660892892235
151000938170415658719822
157201121140244463065701
161200865210166331713387
160400168150461054097328
161500029260795812999996
160000488080037888435084
158600764780352469921657
154903722720205184706877
157700778740377660143586
159600858970801214732276
160902129220256483223118
158202259510431614341161
160301612860319750727866
158904078570277956546570
159502472480033147274830
156102713280110121004306
161600132360320639690181
160600440530158134900230
26100805734
158402456570234489911230
152802918150198828247008
159901240460189543340841
158501803600499012082081
154602335560438325029443
148903464620385108184932
151204219860497914939632
161900333700491112827454
26100805734
159700535512381172675550
156900393510762662719391
153201974332129927556533
160800340611880547170782
157300431852342738231320
161700217232038506937543
155206708571614051105667
159800218880395457876760
157401918622423408981525
161400221610630539343007
155701159181766914744399
159400866212363795519337
154101766850960417084422
158700992150167641675058