161100401800792296043658
161300194520040838300766
156801103480101061708288
153300768670771645877777
161000279770737767657756
160700533130684450522747
151000938170455524523900
157201121140260787320432
161200865210202157890687
160400168150479346195317
161500029260850662387642
160000488080067687480251
158600764780372150573057
154903722720215838777191
157700778740377660143586
159600858970822173453859
160902129220276978410991
158202259510442665045915
160301612860319750727866
158904078570297624547012
159502472480088692979990
156102713280135382862793
161600132360434915778231
160600440530165667288155
26100805734
158402456570264847370157
152802918150198828247008
159901240460189543340841
158501803600504635030170
154602335560444339279484
148903464620398312204921
151204219860506955374965
161900333700769174065689
158800703380077699118004
159700535512381172675550
156900393510762662719391
153201974332129927556533
160800340611911409489060
157300431852380622802508
161700217232132062274866
155206708571859610097162
159800218880460522068057
157401918622423408981525
1614002216106890560001
155701159181800671150175
159400866212390535579207
154101766850960417084422
158700992150167641675058