161100401800672698099814
26100805734
156801103480086068126993
153300768670766587213554
161000279770669131916681
160700533130631566959073
151000938170333407165372
157201121140173223531722
161200865210066327578030
160400168150319755176357
161500029260640376870772
160000488080037888435084
158600764780316929601459
154903722720123950150160
157700778740377660143586
159600858970713453943859
160902129220223733440625
158202259510370733113245
160301612860204370580994
158904078570185134904541
159502379810475908322180
156102713280109975150109
161600132360015987594112
160600440530142817993596
26100805734
158402456570187194013815
152802918150198828247008
159901240460124159138192
158501803600499012082081
154602335560438325029443
148903464620385108184932
151204219860497914939632
161900333692477951095690
158800934692474886472084
159700535512322976170902
156900393510762662719391
153201974332005941400642
160800340611790860179761
157300431852284728716359
161700217231857347125114
155206708570789161414877
159800218880065676808520
157401918622409066919445
161400221610253909901258
155701159181648014685584
159400866212316731474214
154101766850960417084422
158700992150157493138399