161100401800668342544038
26100805734
156801103480072137203023
153300768670728480837848
161000279770639932293892
160700533130610474337555
151000938170325508546341
157201121140142347247345
161200865210013999773423
160400168150298017764283
161500029260503895371956
26100805734
158600764780271330287305
154903722720109353794453
157700778740303536544805
159600858970593231235327
160902129220205901818504
158202259510354139388568
160301612860178740129680
158904078570139648200811
159502379810427828223641
156102713280098619087096
26100805734
160600440530122473815647
26100805734
158402456570142089974756
152802918150031846721467
159901240460085830032829
158501803600488406123783
154602335560438325029443
148903464620378784208054
151204219860497914939632
161900333692265534331996
158800934692292146458186
159700535512216681409795
156900393510716362263128
153201974331992764487947
160800340611771291670010
157300431852265813290947
161700217231785161078418
26100805734
26100805734
157401918622346968878381
161400221610090312808473
155701159181500157423556
159400866212239541005983
154101766850938732172995
158700992150146953842716