161100401800847489916704
161300194520108084432805
156801103480101061708288
153300768670766587213554
161000279770750679964040
160700533130692212946847
151000938170497451296069
157201121140346951730532
161200865210463731673236
160400168150490703099116
161500029260964800254724
160000488080089500399151
158600764780393707311847
154903722720227616435650
157700778740389186523841
159600858970986148971608
160902129220299616546487
158202259510492766018622
160301612860350572256202
158904078570416696570869
159502472480166071819102
156102713280191714507992
161600132360862092753053
160600440530222061493834
1558031508
70336787752949
152802918150198828247008
159901240460241109773842
26100805734
154602335560444339279484
148903464620425914354935
26100805734
161900333701369844100475
158800703380308271943296
26100805734
156900393510888005544694
153201974332168230238767
160800340612127550548344
157300431852397571300139
161700217232434195658293
155206276060355348494196
159800218881147367140405
26100805734
161400221611405872424411
155701159182144241758583
159400703280081722003375
154101766850960417084422
158700992150202821145294