161100401800810232748082
161300194520087874411209
156801103480101061708288
153300768670766587213554
161000279770750679964040
160700533130684450522747
151000938170478885086303
157201121140333393077004
161200865210388417783392
160400168150490703099116
161500029260908067688328
160000488080067687480251
158600764780393707311847
154903722720215838777191
157700778740377660143586
159600858970869484617952
160902129220299616546487
158202259510470584044962
160301612860336291031412
158904078570363360630049
159502472480140916888348
156102713280154132096073
161600132360688843262038
160600440530184431065730
155803150830109763726759
158402456570304441611567
152802918150198828247008
159901240460208256553161
158501803600504635030170
154602335560444339279484
148903464620401008441873
151204219860506955374965
161900333701007640638982
158800703380247838813910
159700535512494868123324
156900393510888005544694
153201974332135691697945
160800340612127550548344
157300431852380622802508
161700217232387678519409
26100805734
159800218880771997837308
157401918622436527950013
161400221611279998712468
155701159182102122601410
159400703280065436919849
154101766850960417084422
158700992150202821145294