161100401800828674304087
161300194520108084432805
156801103480101061708288
153300768670771645877777
161000279770750679964040
160700533130684450522747
151000938170497451296069
157201121140346951730532
161200865210443696760691
160400168150490703099116
161500029260940259946083
160000488080067687480251
158600764780393707311847
154903722720215838777191
157700778740377660
159600858970940999797602
160902129220299616546487
158202259510486734202250
160301612860345793039574
158904078570402970634280
159502472480166071819102
156102713280178656650610
161600132360749061204214
160600440530194003238615
155803150830154184649422
158402456570312742499265
152802918150198828247008
159901240460241109773842
26100805734
154602335560444339279484
148903464620418191766744
26100805734
161900333701145547278334
158800703380272293282384
26100805734
156900393510888005544694
153201974332140904024951
160800340612127550548344
157300431852397571300139
161700217232411056304018
155206276060204960423421
159800218880826374846470
26100805734
161400221611313867245708
155701159182126073015669
159400703280065436919849
154101766850960417084422
158700992150202821145294