161100401800895092799689
161300194520277026838422
156801103480214133137081
153300768670892720653229
161000279770933607734438
160700533130705640875426
151000938170569664783084
157201121140529057020015
26100805734
160400168150538430462619
26100805734
160000488080137852962254
158600764780415214578596
154903722720304055928124
157700778740451626178307
159600843980011405460120
160902129220358104095170
26100805734
26100805734
158904078330070399122028
159502472480414240335664
156102713280479116627853
26100805734
160600440530351328047845
155803150830221072817956
158402456570480679472511
152802918150224395596932
159901240460382338377255
158500654930010817825481
154602335560471245720236
148903464620464746542592
151203351330052738172560
161900333702341374075873
158800703380870450950079
159700375810023370016728
156900393511012946696368
153201974332295701450899
160800340612289680025710
157300431852477957180521
155600897220025381268182
155206276062211589638868
26100805734
157401459880097282932289
26100805734
155701159182357338300989
159400703280260681291218
154101766851007758577370
158700992150237923112370