161100401800864742553605
161300194520164976879547
156801103480187510517069
153300768670829403825642
161000279770798796050635
160700533130692212946847
151000938170509090054617
157201121140435651368234
26100805734
160400168150518606613441
26100805734
160000488080093703120108
158600764780393707311847
154903722720255515957348
157700778740407210121785
26100805734
160902129220309124617163
26100805734
160301612860489040682691
158904078570508067545139
159502472480244809220021
156102713280375830078530
26100805734
160600440530266744889767
155803150830185973300170
158402456570385007962101
152802918150217546945666
159901240460334340736391
26100805734
154602335560467351468568
148903464620430058644156
26100805734
161900333701772194099274
158800703380735986994365
26100805734
156900393510990663685111
153201974332205130686332
160800340612259666881913
157300431852418784903280
26100805734
155206276061159981565522
159800218882005294151033
157401459880081493051365
161400221612042349484548
155701159182266302703346
159400703280102106347172
154101766851007758577370
158700992150214250069812