161100401800668342544038
26100805734
156801103480037288043324
153300768670693030565550
161000279770616021978779
160700533130610474337555
151000938170325508546341
157201121140094953382296
161200968320463694288007
160400168150287949744760
161500029260460947947074
160000730241003632551651
158600764780271330287305
154903722720099665045247
157700778740250238833365
159600858970536969207938
160902129220186392605340
158202259510339896752494
160301612860178740129680
158904078570084725863581
159502379810413549273515
156102713280067663173000
161600265520962034612754
160600440530122473815647
155803717700501308764366
158402456570134199743377
152802918150031846721467
159901240460043436801119
158501803600488406123783
154602335560427437854210
148903464620363912659495
151204219860472289952165
161900333692004717211430
158800934692184740086110
159700535512189070953790
156900393510691726600842
153201974331992764487947
160800340611735210527670
157300431852243258015981
161700217231708736923074
155206540112165093130423
159800326372336740403445
157401918622179609384466
161400221622434590785111
155701159181449609930948
159400866212170811406713
154101766850927546726081
158700992150132352301916